[5.43481379 1.63178964 1.8704012 ]
[5.93931883 4.99102423 2.5953326 ]

[-3.48982093  4.47453667  1.87071599]
[-4.83642466  4.13886341  2.232196  ]

[-1.45433659 -4.20151246  5.51524808]
[-1.4470719  -5.78828761  7.28704066]

[-1.0053228  -6.14124731  4.26233008]
[ 0.09803922 -8.03921569  4.21568627]

[-3.66938876  2.99548394  6.51804719]
[-4.95537781  2.32420375  7.19187576]

[-5.38515926  1.80576417  1.92067692]
[-7.57091325  0.77069177  1.49604873]

[4.89264426 0.00752005 4.71844232]
[5.54453817 1.7269873  5.4536441 ]

[-1.96607798 -1.6218492   8.40052626]
[-2.37033737 -2.06865807  9.99851401]

[-6.11237952  1.10299818  2.43482407]
[ -9.36807351 -22.72358344   2.06578031]

[-3.07085404  5.00010651  4.53736438]
[-4.94766491  5.25689396  6.0299666 ]

